2002/08/11/big/img_591
1
181.623045 259.792593 136.217284 121.362963 0.353091
2002/08/26/big/img_265
2
129.087872 346.472790 92.496732 82.305580 1.000000
105.254902 109.844247 98.875817 87.981827 1.000000
2002/07/19/big/img_423
0
2002/08/24/big/img_490
0
2002/08/31/big/img_17676
1
109.866667 105.810212 102.400000 90.897363 1.000000
2002/07/31/big/img_228
3
109.975000 105.820635 61.200000 54.333578 1.000000
75.800000 295.239072 57.600000 51.137485 0.150760
338.488889 212.125863 136.533333 121.214779 1.000000
2002/07/24/big/img_402
1
129.982051 124.800000 76.553846 68.266667 1.000000
2002/08/04/big/img_769
2
142.222222 99.555556 128.000000 113.777778 0.814484
175.644444 241.066667 102.400000 91.022222 1.000000
2002/07/19/big/img_581
1
199.585185 161.426570 133.688889 118.460874 1.000000
2002/08/13/big/img_723
1
191.520775 165.108900 166.503243 147.695890 1.000000
2002/08/12/big/img_821
1
223.762963 175.209646 182.044444 161.344134 1.000000
2003/01/17/big/img_610
1
110.197348 201.857229 113.567078 101.360549 1.000000
2002/08/13/big/img_1116
1
132.711111 196.533333 99.200000 88.177778 1.000000
2002/08/28/big/img_19238
1
114.062537 101.800000 64.608850 57.600000 1.000000
2002/08/21/big/img_660
1
184.711111 184.056503 115.200000 102.135401 0.915578
2002/08/14/big/img_607
1
87.355556 145.326228 73.600000 65.199698 1.000000
2002/08/05/big/img_3708
2
286.954419 316.800000 64.699535 57.600000 1.000000
117.861430 372.311111 99.046202 88.177778 1.000000
2002/08/19/big/img_511
2
119.072343 140.021481 91.713396 81.596049 1.000000
100.751817 281.506370 76.560748 68.114963 1.000000
2002/08/07/big/img_1316
3
83.250000 114.125000 58.500000 52.000000 1.000000
153.566667 316.966667 64.800000 57.600000 1.000000
157.866667 319.288889 102.400000 91.022222 1.000000
2002/07/25/big/img_1047
1
217.441975 295.822222 182.044444 161.817284 1.000000
2002/07/23/big/img_474
3
118.412698 196.910648 98.285714 87.248125 1.000000
144.800000 305.412822 94.933333 84.272220 1.000000
262.933333 53.794556 115.200000 102.262918 0.299599
2002/07/27/big/img_970
1
86.904556 143.288889 91.578116 81.540741 1.000000
2002/09/02/big/img_15752
1
119.790815 239.111111 91.754667 81.777778 1.000000
2002/09/01/big/img_16378
1
121.941573 215.466667 76.512360 68.266667 0.907714
2002/09/01/big/img_16189
2
136.233333 219.707796 70.800000 62.764158 1.000000
147.466667 178.895579 89.600000 79.430346 0.152886
2002/08/26/big/img_276
1
185.955556 176.111634 140.800000 124.982450 1.000000
2002/07/24/big/img_518
2
115.437037 169.837037 119.466667 106.192593 1.000000
125.511111 297.244444 108.800000 96.711111 1.000000
2002/08/14/big/img_1027
2
79.386667 51.422534 75.840000 67.216218 1.000000
183.733333 164.318129 76.800000 68.067057 0.349190
2002/08/24/big/img_733
1
174.301235 198.779282 133.688889 118.660068 1.000000
2002/08/15/big/img_249
1
118.755556 187.467045 102.400000 90.893113 1.000000
2003/01/15/big/img_1371
0
2002/08/07/big/img_1348
1
125.142567 230.666667 95.853881 85.333333 1.000000
2003/01/01/big/img_331
2
165.111111 95.544742 104.000000 92.219519 1.000000
102.488889 199.158692 88.533333 78.504821 1.000000
2002/08/23/big/img_536
1
217.441975 144.118519 182.044444 161.817284 1.000000
2002/07/30/big/img_224
1
134.448958 313.600000 57.450000 51.200000 1.000000
2002/08/10/big/img_763
1
255.051852 192.161108 216.177778 191.845573 0.000041
2002/08/21/big/img_293
1
159.881481 200.059259 119.466667 106.192593 1.000000
2002/08/15/big/img_1211
1
138.238683 147.555556 127.604938 113.777778 1.000000
2002/08/15/big/img_1194
1
89.125926 187.866882 83.733333 74.321290 1.000000
2003/01/15/big/img_390
2
136.405678 348.972938 85.666960 76.265877 0.483763
125.838473 174.506667 116.158590 103.411358 1.000000
2002/08/06/big/img_2893
1
122.400000 212.800000 76.800000 68.266667 1.000000
2002/08/17/big/img_691
3
160.293000 222.522442 55.676000 49.454971 1.000000
193.252926 156.906530 67.050667 59.558674 1.000000
126.518222 185.057310 57.472000 51.050292 1.000000
2002/08/07/big/img_1695
1
118.577778 146.933333 89.600000 79.644444 1.000000
2002/08/16/big/img_829
1
137.200000 152.182167 111.733333 98.984113 1.000000
2002/07/25/big/img_201
1
118.607407 157.315796 91.733333 81.286720 1.000000
2002/08/23/big/img_36
0
2003/01/15/big/img_763
1
143.762085 179.679838 107.551605 95.293461 1.000000
2003/01/15/big/img_637
1
235.944033 162.242415 116.622222 103.490178 1.000000
2002/08/22/big/img_592
1
167.387654 157.227553 126.577778 112.325115 1.000000
2002/07/25/big/img_817
2
202.000000 123.677083 72.000000 63.833333 1.000000
275.022222 297.268287 73.600000 65.251852 1.000000
2003/01/15/big/img_1219
1
105.306907 203.602963 69.881081 62.198519 1.000000
2002/08/05/big/img_3508
1
115.476148 135.015111 76.629333 68.039111 1.000000
2002/08/15/big/img_1108
1
242.725926 169.402469 182.044444 161.817284 1.000000
2002/07/19/big/img_488
0
2003/01/16/big/img_704
1
135.545630 82.035821 77.800889 68.896407 1.000000
2003/01/13/big/img_1087
1
96.816660 206.680494 93.254843 82.931358 1.000000
2002/08/10/big/img_670
2
297.900000 187.325758 64.800000 57.454545 1.000000
157.392593 178.924804 132.266667 117.273475 1.000000
2002/07/24/big/img_104
0
2002/08/27/big/img_19823
1
131.733333 330.133333 76.800000 68.266667 1.000000
2002/09/01/big/img_16229
2
223.118519 285.866667 101.866667 90.548148 1.000000
161.659259 176.651852 108.800000 96.711111 1.000000
2003/01/13/big/img_846
1
171.095528 116.290477 142.190617 125.951532 1.000000
2002/08/04/big/img_412
1
324.861678 246.200000 67.047619 59.733333 1.000000
2002/07/22/big/img_554
5
36.381877 280.666667 47.844660 42.666667 1.000000
75.674304 326.040000 58.848932 52.480000 1.000000
69.025890 368.625000 58.310680 52.000000 1.000000
58.543258 58.466667 70.570874 62.933333 1.000000
82.310536 210.600000 73.361812 65.422222 1.000000
2002/08/12/big/img_331
4
63.305556 57.744296 67.000000 59.378307 1.000000
119.550000 195.017857 48.600000 43.071429 1.000000
78.300000 263.812500 48.600000 43.071429 1.000000
203.850000 274.879464 43.200000 38.285714 1.000000
2002/08/02/big/img_533
0
2002/08/12/big/img_259
1
139.525926 213.910710 88.533333 78.603603 1.000000
2002/08/18/big/img_328
1
278.000000 196.727524 72.000000 63.911480 1.000000
2003/01/14/big/img_630
3
96.823789 184.226667 39.330396 34.986667 1.000000
70.891826 147.205185 67.735683 60.254815 1.000000
98.386686 269.354815 64.458150 57.339259 1.000000
2002/08/05/big/img_3541
1
70.493275 131.525000 59.226316 52.800000 1.000000
2002/08/06/big/img_2390
1
88.000000 143.000000 72.000000 64.000000 1.000000
2002/08/20/big/img_150
1
137.066667 137.908726 76.800000 68.155664 1.000000
2002/08/02/big/img_1231
3
156.000000 43.500000 54.000000 48.000000 0.477355
145.422222 187.733333 102.400000 91.022222 1.000000
125.155556 364.088889 115.200000 102.400000 0.942819
2002/08/16/big/img_710
2
242.153496 251.733333 79.889350 71.111111 1.000000
136.344491 78.400000 86.280498 76.800000 1.000000
2002/08/19/big/img_591
1
195.655244 305.619753 178.641745 159.288889 1.000000
2002/07/22/big/img_725
